{
 "cells": [
  {
   "cell_type": "markdown",
   "metadata": {},
   "source": [
    "# Manifold Learning and Graph Kernels\n",
    "### Requirements \n",
    "Read [this article](http://www.dsi.unive.it/~atorsell/AI/graph/Unfolding.pdf) presenting a way to improve the disciminative power of graph kernels.\n",
    "Choose one [graph kernel](http://www.dsi.unive.it/~atorsell/AI/graph/kernels.pdf) among\n",
    "\n",
    "* Shortest-path Kernel\n",
    "* Graphlet Kernel\n",
    "* Random Walk Kernel\n",
    "* Weisfeiler-Lehman Kernel\n",
    "\n",
    "\n",
    "Choose one manifold learning technique among\n",
    "\n",
    "* Isomap\n",
    "* Diffusion Maps\n",
    "* Laplacian Eigenmaps\n",
    "* Local Linear Embedding\n",
    "\n",
    "\n",
    "Compare the performance of an SVM trained on the given kernel, with or without the manifold learning step, on the following datasets:\n",
    "\n",
    "* [PPI](http://www.dsi.unive.it/~atorsell/AI/graph/PPI.mat): this is a Protein-Protein Interaction dataset. Here proteins (nodes) are connected by an edge in the graph if they have a physical or functional association.\n",
    "* [Shock](http://www.dsi.unive.it/~atorsell/AI/graph/Shock.mat): representing 2D shapes. Each graph is a skeletal-based representation of the differential structure of the boundary of a 2D shape.\n",
    "\n",
    "**Note**: the datasets are contained in Matlab files. The variable `G` contains a vector of cells, one per graph. \n",
    "The entry `am` of each cell is the adjacency matrix of the graph.\n",
    "The variable `labels`, contains the class-labels of each graph.\t\n"
   ]
  },
  {
   "cell_type": "markdown",
   "metadata": {},
   "source": [
    "### Imports"
   ]
  },
  {
   "cell_type": "code",
   "execution_count": 1,
   "metadata": {},
   "outputs": [],
   "source": [
    "import scipy.io as sio\n",
    "import numpy as np\n",
    "import sys\n",
    "import threading\n",
    "import networkx as nx\n",
    "import matplotlib.pyplot as plt\n",
    "from copy import deepcopy\n",
    "from collections import Counter\n",
    "from sklearn import svm, manifold, preprocessing\n",
    "from sklearn.model_selection import cross_val_score, StratifiedKFold\n",
    "from sklearn.metrics.pairwise import pairwise_distances\n",
    "from sklearn.decomposition import PCA\n",
    "from sklearn.svm import SVC"
   ]
  },
  {
   "cell_type": "markdown",
   "metadata": {},
   "source": [
    "### Read the datasets\n",
    "* Load the datasets\n",
    "* Take the `G` and `labels` fields\n",
    "* `G` consists in a list containing a list of arrays. Remove the external list. Afterwards take only the `am` field\n",
    "* `labels` consists in many one-element lists. Create a single list removing one depth level\n"
   ]
  },
  {
   "cell_type": "code",
   "execution_count": 10,
   "metadata": {},
   "outputs": [],
   "source": [
    "BASE_URI = '/home/lorenzo/Dropbox/manifold-learning-and-graph-kernels/dataset/'\n",
    "SHOCK_URI = 'SHOCK.mat'\n",
    "PPI_URI = 'PPI.mat'\n",
    "# `G` and `labels`\n",
    "SHOCK = sio.loadmat(BASE_URI + SHOCK_URI)\n",
    "SHOCK_G = SHOCK['G'][0] # read and get rid of external list\n",
    "# print(SHOCK_G.dtype.names) \n",
    "# [('am', 'O'), ('nl', 'O'), ('al', 'O')]\n",
    "SHOCK_G_adj = SHOCK_G['am'] # take only the adjacency matrix\n",
    "SHOCK_labels = SHOCK['labels'].ravel() # read and get rid of useless 1-element lists\n",
    "assert len(SHOCK_G_adj) == len(SHOCK_labels)\n",
    "del SHOCK\n",
    "PPI = sio.loadmat(BASE_URI + PPI_URI)\n",
    "PPI_G = PPI['G'][0]\n",
    "PPI_G_adj = PPI_G['am']\n",
    "PPI_labels = PPI['labels'].ravel()\n",
    "assert len(PPI_G_adj) == len(PPI_labels)\n",
    "del PPI"
   ]
  },
  {
   "cell_type": "markdown",
   "metadata": {},
   "source": [
    "# Weisfeiler-Lehman\n",
    "### Algorithm\n",
    "\n",
    "1. Multiset label determination\n",
    "    * assign a multiset label $M_i(v)$ to each node $v \\in G$ which consists of the multiset $\\{l_{i-1}(u)$ | u is a neighbor of v$\\}$\n",
    "        * done in `determine_labels`\n",
    "        * as per the paper, since our graphs are unlabelled, we use the node-degrees as starting labels for the node\n",
    "\n",
    "\n",
    "2. Sorting each multiset\n",
    "    * Sort elements in $M_i(v)$ in ascending order and concatenate them into a string $s_i(v)$\n",
    "        * sorted and merged in `get_labels` \n",
    "    * Add $l_{i−1}(v)$ as a prefix to $s_i(v)$\n",
    "        * done in `extend_labels`. Returns the string formatted as requested\n",
    "\n",
    "\n",
    "3. Label compression\n",
    "    * Map each string $s_i(v)$ to a compressed label using a hash function $f : \\Sigma^∗ \\rightarrow \\Sigma$ such that $f(s_i(v)) = f(s_i (w))$ if and only if $s_i(v) = s_i(w)$\n",
    "        * done in `compress_label` and `relabel`\n",
    "    * As the first \"hash\", I use the highest degree of a node in all graphs, plus one (hence I'm sure that one is a hash instead of an original label\n",
    "\n",
    "\n",
    "4. Relabeling\n",
    "    * Set $l_i(v) = f(s_i(v))$ for all nodes in $G$ \n",
    "        * done in `relabel`\n",
    "\n",
    "\n",
    "After having done all of the above, the similarity matrix for the N graphs is computed.\n",
    "The `run()` method returns the similarity matrix containing the normalized values for all the graphs."
   ]
  },
  {
   "cell_type": "code",
   "execution_count": 60,
   "metadata": {},
   "outputs": [],
   "source": [
    "class WeisfeilerLehman:\n",
    "    '''\n",
    "    Get a graph's starting labels (node degrees).\n",
    "    graph --> actual graph\n",
    "    '''\n",
    "    def get_graph_starting_labels(self, graph):\n",
    "        return np.dot(graph, np.ones((len(graph), 1)))\n",
    "    \n",
    "    \n",
    "    '''\n",
    "    Get the starting labels for all the graphs (node degrees)\n",
    "    {index of the graph in the graphs list : array representing starting label}\n",
    "    '''\n",
    "    def get_all_starting_labels(self):\n",
    "        starting_labels = {g : self.get_graph_starting_labels(self.graphs[g]) \n",
    "                                                              for g in range(self.n)}\n",
    "        return starting_labels\n",
    "    \n",
    "    \n",
    "    '''\n",
    "    Get the highest degree of a node throughout all graphs\n",
    "    '''\n",
    "    def get_max_global_degree(self):\n",
    "        return max([max(v) for _, v in self.get_all_starting_labels().items()])\n",
    "    \n",
    "    \n",
    "    '''\n",
    "    Get the neighbors of a node\n",
    "    g --> index of the graph\n",
    "    node --> index of the node\n",
    "    neighbors --> list with indices of the neighbors\n",
    "    '''\n",
    "    def get_neighbors(self, g, node):\n",
    "        graph = self.graphs[g]\n",
    "        neighbors = [j for j in range(len(graph)) if graph[node][j] == 1]\n",
    "        return neighbors\n",
    "    \n",
    "    \n",
    "    '''\n",
    "    Get updated labels for a node as per (1)\n",
    "    g --> index of the graph\n",
    "    node --> index of the node in the graph\n",
    "    \n",
    "    Take the labels of the neighbors of a node, sort them, merge them into an unique string\n",
    "    '''\n",
    "    def get_labels(self, g, node):\n",
    "        new_label = sorted([self.labels[g][i] for i in self.get_neighbors(g, node)])\n",
    "        new_label = ''.join(str(int(i)) for i in new_label)\n",
    "        return new_label\n",
    "    \n",
    "    \n",
    "    '''\n",
    "    Compute the new multiset of labels of each node in a graph.\n",
    "    Return a dictionary in which the key is the index of the node and the value is the string returned from the \n",
    "            `get_labels` function\n",
    "    g --> index of the graph in the graphs array\n",
    "    '''\n",
    "    def determine_labels(self, g):\n",
    "        new_labels = {k : self.get_labels(g, k) for k in range(len(self.graphs[g]))}\n",
    "        return new_labels\n",
    "    \n",
    "    \n",
    "    '''\n",
    "    Return the string obtained from the sorted multiset \n",
    "    g --> index of the graph in the array\n",
    "    '''\n",
    "    def extend_labels(self, g, new_labels):\n",
    "        for k in new_labels: # new_labels is a dict\n",
    "            new_labels[k] = self.labels[g][k] + new_labels[k]\n",
    "        return new_labels    \n",
    "    \n",
    "    \n",
    "    '''\n",
    "    Compress a label if it has not been compressed already\n",
    "    {long_label : compressed_index}\n",
    "    '''\n",
    "    def compress_label(self, label):\n",
    "        if label not in self.compressed_labels:\n",
    "            self.compressed_labels[label] = str(self.compressed_index)\n",
    "            self.compressed_index += 1\n",
    "        return self.compressed_labels[label]\n",
    "    \n",
    "    \n",
    "    '''\n",
    "    Relabel all the nodes in a graph\n",
    "    '''\n",
    "    def relabel(self, g, new_labels):\n",
    "        # print(f'OLD: {self.labels}')\n",
    "        assert len(new_labels) == len(self.labels[g])\n",
    "        for i in range(len(new_labels)):\n",
    "            self.labels[g][i] = self.compress_label(new_labels[i])\n",
    "        # print(f'NEW: {self.labels}')\n",
    "        \n",
    "    \n",
    "    \n",
    "    '''\n",
    "    Count the original node labels: return a list with the number of occurrences per each label\n",
    "    g --> index of the graph\n",
    "    [0, 1, 2, 3, 1] --> 0 nodes with label 0, 1 node with label 1, ..., 1 node with label 4\n",
    "    '''\n",
    "    def count_original_node_labels(self, g):\n",
    "        phi = []\n",
    "        ol = list(map(int, self.original_labels[g]))\n",
    "        c = Counter(ol)\n",
    "        for k in range(max(ol)+1):\n",
    "            if k in c:\n",
    "                phi.append(c[k])\n",
    "            else:\n",
    "                phi.append(0)\n",
    "        return phi\n",
    "    \n",
    "    \n",
    "    '''\n",
    "    Count node labels at current iteration: return a list with the number of occurrences per each label\n",
    "    g --> index of the graph\n",
    "    '''\n",
    "    def count_node_labels_at_current_iteration(self, g):\n",
    "        phi = []\n",
    "        l = list(map(int, [i for _, i in self.compressed_labels.items()]))\n",
    "        c = Counter(l)\n",
    "        for k in range(max(l)+1):\n",
    "            if k in c:\n",
    "                phi.append(c[k])\n",
    "            else:\n",
    "                phi.append(0)\n",
    "        return phi\n",
    "    \n",
    "    \n",
    "    '''\n",
    "    Prepare feature vectors for the dot product. Make the shorter ones as long as the long ones,\n",
    "    concatenate, and so on.\n",
    "    g1, g2 --> indices of two graphs\n",
    "    '''\n",
    "    def prepare_feature_vectors(self, g1, g2):\n",
    "        l1 = self.count_labels[g1]\n",
    "        l2 = self.count_labels[g2]\n",
    "        # print(f'l1:{l1}\\n')\n",
    "        # print(f'l2:{l2}\\n')\n",
    "        tot1 = []\n",
    "        tot2 = []\n",
    "        for i in range(self.h+1):\n",
    "            if len(l1[i]) > len(l2[i]):\n",
    "                a1, a2 = np.array(l1[i]), np.zeros(len(l1[i]))\n",
    "                for j in range(len(l2[i])):\n",
    "                    a2[j] = l2[i][j]\n",
    "                # print(f'a1:{a1}')\n",
    "                # print(f'a2:{a2}')\n",
    "            else:\n",
    "                a1, a2 = np.zeros(len(l2[i])), np.array(l2[i])\n",
    "                for j in range(len(l1[i])):\n",
    "                    a1[j] = l1[i][j]\n",
    "                # print(f'a1:{a1}')\n",
    "                # print(f'a2:{a2}')\n",
    "            tot1 = np.concatenate((tot1, a1), axis=0)\n",
    "            tot2 = np.concatenate((tot2, a2), axis=0)\n",
    "            # print(f'tot1:{tot1}')\n",
    "            # print(f'tot2:{tot2}')\n",
    "        return tot1, tot2\n",
    "    \n",
    "    \n",
    "    '''\n",
    "    Normalize similarity matrix: sum per rows must be = 1\n",
    "    '''\n",
    "    def normalize_sim_matrix(self):\n",
    "        self.pairwise_sim_matrix = preprocessing.normalize(self.pairwise_sim_matrix)\n",
    "        return self.pairwise_sim_matrix\n",
    "    \n",
    "    '''\n",
    "    Pairwise similarities between all the graphs (unnormalized)\n",
    "    '''\n",
    "    def pairwise_similarities(self):\n",
    "        for i in range(self.n):\n",
    "            for j in range(i, self.n):\n",
    "                g1, g2 = self.prepare_feature_vectors(i, j)\n",
    "                # print(f'g1\\n{g1}\\n')\n",
    "                # print(f'g2\\n{g2}\\n\\n\\n')\n",
    "                dotp = np.dot(g1, g2)\n",
    "                # print(dotp)\n",
    "                self.pairwise_sim_matrix[i][j] = dotp\n",
    "                self.pairwise_sim_matrix[j][i] = dotp\n",
    "        # print(self.pairwise_sim_matrix)\n",
    "        self.normalize_sim_matrix()\n",
    "        return self.pairwise_sim_matrix\n",
    "    \n",
    "    '''\n",
    "    Run the whole algorithm: steps 1, 2, 3, 4\n",
    "    '''\n",
    "    def run(self):\n",
    "        for i in range(self.h):\n",
    "            for g in range(self.n): # g is the index of the graph in the array of graphs\n",
    "                print(f'old labels of {g} at iteration {i} : {self.labels[g]}')\n",
    "                new_labels = self.determine_labels(g)\n",
    "                new_labels = self.extend_labels(g, new_labels)\n",
    "                self.relabel(g, new_labels)\n",
    "                self.count_labels[g][i+1] = self.count_node_labels_at_current_iteration(g)\n",
    "                print(f'new labels of {g} at iteration {i} : {self.labels[g]}')\n",
    "            # print('\\n\\n')\n",
    "            # print(self.labels)\n",
    "        return self.pairwise_similarities()\n",
    "\n",
    "    '''\n",
    "    Initialize everything and run the algorithm h times\n",
    "    '''\n",
    "    def __init__(self, graphs, h):\n",
    "        self.n = len(graphs)\n",
    "        self.graphs = graphs\n",
    "        self.h = h\n",
    "        self.labels = self.get_all_starting_labels()\n",
    "        self.labels = { \n",
    "                        index : [str(int(degree)) for degree in self.labels[index].ravel()] \n",
    "                                                  for index in self.labels \n",
    "                      }\n",
    "        # print(self.labels)\n",
    "        self.original_labels = deepcopy(self.labels)\n",
    "        # self.compressed_index = 0\n",
    "        self.compressed_index = int(self.get_max_global_degree()[0]) + 1\n",
    "        self.compressed_labels = {}\n",
    "        self.count_labels = {} # {iterazione1 : {grafo1 : conteggio1, grafo2 : conteggio2, ...}, ...}\n",
    "        for i in range(self.n):\n",
    "            self.count_labels[i] = {}\n",
    "            self.count_labels[i][0] = self.count_original_node_labels(i)            \n",
    "        del self.original_labels\n",
    "        # print(self.count_labels)\n",
    "        self.pairwise_sim_matrix = np.zeros((self.n, self.n))\n",
    "        # print(self.labels)\n",
    "        \n",
    "    \n"
   ]
  },
  {
   "cell_type": "markdown",
   "metadata": {},
   "source": [
    "### Compute similarity matrices for PPI and SHOCK"
   ]
  },
  {
   "cell_type": "code",
   "execution_count": 62,
   "metadata": {},
   "outputs": [
    {
     "name": "stdout",
     "output_type": "stream",
     "text": [
      "old labels of 0 at iteration 0 : ['3', '3', '3', '5', '2', '2']\n",
      "new labels of 0 at iteration 0 : ['13', '13', '13', '14', '15', '15']\n",
      "old labels of 1 at iteration 0 : ['3', '3', '3', '5', '2', '2']\n",
      "new labels of 1 at iteration 0 : ['13', '13', '13', '14', '15', '15']\n",
      "old labels of 2 at iteration 0 : ['1', '2', '5', '4', '5', '5', '5', '12', '2', '9', '5', '3', '3', '1', '1', '7', '1', '8', '1', '4', '4', '1', '6', '2', '1', '4', '2', '4', '2', '4', '8', '4', '2', '3', '3', '1', '3', '4', '1', '3', '1', '1', '3', '4', '1', '1', '1', '2']\n",
      "new labels of 2 at iteration 0 : ['16', '17', '18', '19', '18', '18', '20', '21', '22', '23', '24', '25', '26', '27', '28', '29', '30', '31', '28', '32', '33', '34', '35', '36', '28', '37', '38', '39', '40', '41', '42', '43', '44', '45', '46', '27', '47', '48', '27', '49', '27', '28', '50', '19', '16', '51', '51', '52']\n",
      "old labels of 0 at iteration 1 : ['13', '13', '13', '14', '15', '15']\n",
      "new labels of 0 at iteration 1 : ['53', '53', '53', '54', '55', '55']\n",
      "old labels of 1 at iteration 1 : ['13', '13', '13', '14', '15', '15']\n",
      "new labels of 1 at iteration 1 : ['53', '53', '53', '54', '55', '55']\n",
      "old labels of 2 at iteration 1 : ['16', '17', '18', '19', '18', '18', '20', '21', '22', '23', '24', '25', '26', '27', '28', '29', '30', '31', '28', '32', '33', '34', '35', '36', '28', '37', '38', '39', '40', '41', '42', '43', '44', '45', '46', '27', '47', '48', '27', '49', '27', '28', '50', '19', '16', '51', '51', '52']\n",
      "new labels of 2 at iteration 1 : ['56', '57', '58', '59', '58', '58', '60', '61', '62', '63', '64', '65', '66', '67', '68', '69', '70', '71', '68', '72', '73', '74', '75', '76', '68', '77', '78', '79', '80', '81', '82', '83', '84', '85', '86', '87', '88', '89', '87', '90', '91', '68', '92', '59', '93', '94', '95', '96']\n",
      "[[0.49663157 0.49663157 0.71183858]\n",
      " [0.49663157 0.49663157 0.71183858]\n",
      " [0.15758847 0.15758847 0.9748496 ]]\n"
     ]
    }
   ],
   "source": [
    "# x = [PPI_G_adj[i] for i in range(20, 50)]\n",
    "# print(x)\n",
    "\n",
    "x = [PPI_G_adj[44], PPI_G_adj[45], PPI_G_adj[46]]\n",
    "wl_PPI = WeisfeilerLehman(x, 2)\n",
    "\n",
    "# wl_PPI = WeisfeilerLehman(PPI_G_adj,2)\n",
    "# print(wl_PPI.run())\n",
    "\n",
    "\n",
    "# wl_PPI = WeisfeilerLehman(PPI_G_adj,2)\n",
    "wl_PPI.run()\n",
    "\n",
    "# wl_SHOCK = WeisfeilerLehman(SHOCK_G_adj, 3)\n",
    "# t1 = threading.Thread(name=\"PPI\", target=wl_PPI.run)\n",
    "# t2 = threading.Thread(name=\"SHOCK\", target=wl_SHOCK.run)\n",
    "# threads = [t1, t2]\n",
    "# for t in threads:\n",
    "#     t.start()\n",
    "# for t in threads:\n",
    "#     t.join()\n",
    "\n",
    "# SHOCK_sm = wl_SHOCK.pairwise_sim_matrix\n",
    "\n",
    "PPI_sm = wl_PPI.pairwise_sim_matrix\n",
    "print(PPI_sm)\n",
    "# print([PPI_G_adj[i] for i in range(40,50)])"
   ]
  },
  {
   "cell_type": "markdown",
   "metadata": {},
   "source": [
    "### Plot the similarity matrices"
   ]
  },
  {
   "cell_type": "code",
   "execution_count": 31,
   "metadata": {},
   "outputs": [
    {
     "name": "stdout",
     "output_type": "stream",
     "text": [
      "[[0.00000000e+00 0.00000000e+00 5.15864429e-02 3.88837049e-02\n",
      "  5.17022054e-02 5.33979990e-02 2.78301211e-01 3.51710646e-01\n",
      "  3.30270081e-01 5.77252236e-02 5.77252236e-02 6.36135430e-02\n",
      "  3.49873635e-01 3.25137047e-01 1.06993303e-01 3.66835551e-01\n",
      "  1.63525592e-01 1.53420569e-01 1.44028342e-01 1.82684982e-01\n",
      "  2.65005776e-01 2.21213755e-01 4.50767453e-01 3.07780632e-01\n",
      "  4.98166068e-01 4.98166068e-01 3.82586229e-01 4.57076320e-01\n",
      "  4.91967638e-01 3.45105456e-01]\n",
      " [0.00000000e+00 0.00000000e+00 5.15864429e-02 3.88837049e-02\n",
      "  5.17022054e-02 5.33979990e-02 2.78301211e-01 3.51710646e-01\n",
      "  3.30270081e-01 5.77252236e-02 5.77252236e-02 6.36135430e-02\n",
      "  3.49873635e-01 3.25137047e-01 1.06993303e-01 3.66835551e-01\n",
      "  1.63525592e-01 1.53420569e-01 1.44028342e-01 1.82684982e-01\n",
      "  2.65005776e-01 2.21213755e-01 4.50767453e-01 3.07780632e-01\n",
      "  4.98166068e-01 4.98166068e-01 3.82586229e-01 4.57076320e-01\n",
      "  4.91967638e-01 3.45105456e-01]\n",
      " [5.15864429e-02 5.15864429e-02 0.00000000e+00 5.94320329e-02\n",
      "  3.88486992e-02 5.92567919e-02 2.43854018e-01 3.18221561e-01\n",
      "  2.96368269e-01 5.61524556e-02 5.61524556e-02 4.91862921e-02\n",
      "  3.14687892e-01 2.88800368e-01 8.45143827e-02 3.31693004e-01\n",
      "  1.32385131e-01 1.25363456e-01 1.21749510e-01 1.54455823e-01\n",
      "  2.34814220e-01 1.93433148e-01 4.17856897e-01 2.75814512e-01\n",
      "  4.65318755e-01 4.65318755e-01 3.51406424e-01 4.24695761e-01\n",
      "  4.59366260e-01 3.14146529e-01]\n",
      " [3.88837049e-02 3.88837049e-02 5.94320329e-02 0.00000000e+00\n",
      "  4.59814362e-02 2.82202589e-02 2.73696468e-01 3.47283243e-01\n",
      "  3.25924360e-01 3.60478379e-02 3.60478379e-02 6.22964259e-02\n",
      "  3.45965630e-01 3.21438211e-01 9.98030511e-02 3.63250560e-01\n",
      "  1.60903311e-01 1.50688179e-01 1.44433110e-01 1.81467564e-01\n",
      "  2.63014366e-01 2.20628185e-01 4.48994327e-01 3.05745753e-01\n",
      "  4.96259733e-01 4.96259733e-01 3.80629092e-01 4.55217228e-01\n",
      "  4.90021600e-01 3.43175542e-01]\n",
      " [5.17022054e-02 5.17022054e-02 3.88486992e-02 4.59814362e-02\n",
      "  0.00000000e+00 3.22911930e-02 2.32795838e-01 3.07003811e-01\n",
      "  2.85393413e-01 2.81932309e-02 2.81932309e-02 4.93313968e-02\n",
      "  3.04732126e-01 2.79888741e-01 6.89818338e-02 3.22251798e-01\n",
      "  1.27959638e-01 1.16360142e-01 1.20049536e-01 1.55059960e-01\n",
      "  2.29430897e-01 1.92149653e-01 4.12107117e-01 2.72915050e-01\n",
      "  4.59754388e-01 4.59754388e-01 3.45466310e-01 4.19169701e-01\n",
      "  4.53718695e-01 3.09005832e-01]\n",
      " [5.33979990e-02 5.33979990e-02 5.92567919e-02 2.82202589e-02\n",
      "  3.22911930e-02 0.00000000e+00 2.50047479e-01 3.23827164e-01\n",
      "  3.02503129e-01 1.10371435e-02 1.10371435e-02 5.78483638e-02\n",
      "  3.22276086e-01 2.97930569e-01 8.00843923e-02 3.39628589e-01\n",
      "  1.42813573e-01 1.31652655e-01 1.31951980e-01 1.66917093e-01\n",
      "  2.43397307e-01 2.04195888e-01 4.27600701e-01 2.86544861e-01\n",
      "  4.74972508e-01 4.74972508e-01 3.59804541e-01 4.34058557e-01\n",
      "  4.68767920e-01 3.22890094e-01]\n",
      " [2.78301211e-01 2.78301211e-01 2.43854018e-01 2.73696468e-01\n",
      "  2.32795838e-01 2.50047479e-01 0.00000000e+00 7.65680561e-02\n",
      "  5.48463877e-02 2.42615849e-01 2.42615849e-01 2.54646018e-01\n",
      "  8.40814688e-02 6.94039577e-02 2.07206476e-01 1.15466407e-01\n",
      "  1.90582052e-01 1.86048520e-01 2.32488043e-01 2.20544801e-01\n",
      "  1.83228401e-01 2.14056403e-01 2.53454343e-01 2.00109016e-01\n",
      "  2.92966369e-01 2.92966369e-01 2.18269445e-01 2.64326811e-01\n",
      "  2.89364368e-01 2.05912425e-01]\n",
      " [3.51710646e-01 3.51710646e-01 3.18221561e-01 3.47283243e-01\n",
      "  3.07003811e-01 3.23827164e-01 7.65680561e-02 0.00000000e+00\n",
      "  2.24509530e-02 3.16641068e-01 3.16641068e-01 3.29299996e-01\n",
      "  5.39526083e-02 7.14210951e-02 2.81006893e-01 9.10646588e-02\n",
      "  2.60758329e-01 2.56841405e-01 3.03500939e-01 2.87517329e-01\n",
      "  2.31303333e-01 2.74157215e-01 2.37802052e-01 2.36005121e-01\n",
      "  2.67213331e-01 2.67213331e-01 2.25055096e-01 2.49056161e-01\n",
      "  2.65385368e-01 2.27216775e-01]\n",
      " [3.30270081e-01 3.30270081e-01 2.96368269e-01 3.25924360e-01\n",
      "  2.85393413e-01 3.02503129e-01 5.48463877e-02 2.24509530e-02\n",
      "  0.00000000e+00 2.95194566e-01 2.95194566e-01 3.07377302e-01\n",
      "  5.28130431e-02 6.09266979e-02 2.59482298e-01 9.21162069e-02\n",
      "  2.40249551e-01 2.36063048e-01 2.82804365e-01 2.67871535e-01\n",
      "  2.16082172e-01 2.56161912e-01 2.40394751e-01 2.23953493e-01\n",
      "  2.73041852e-01 2.73041852e-01 2.20751089e-01 2.51562413e-01\n",
      "  2.70659655e-01 2.18908213e-01]\n",
      " [5.77252236e-02 5.77252236e-02 5.61524556e-02 3.60478379e-02\n",
      "  2.81932309e-02 1.10371435e-02 2.42615849e-01 3.16641068e-01\n",
      "  2.95194566e-01 0.00000000e+00 2.10734243e-08 5.19437264e-02\n",
      "  3.14039087e-01 2.89411679e-01 7.10125980e-02 3.31090939e-01\n",
      "  1.33715610e-01 1.22668139e-01 1.24783774e-01 1.59031957e-01\n",
      "  2.35048923e-01 1.96482829e-01 4.19331336e-01 2.78359453e-01\n",
      "  4.66801620e-01 4.66801620e-01 3.51651562e-01 4.25896004e-01\n",
      "  4.60638343e-01 3.14732556e-01]\n",
      " [5.77252236e-02 5.77252236e-02 5.61524556e-02 3.60478379e-02\n",
      "  2.81932309e-02 1.10371435e-02 2.42615849e-01 3.16641068e-01\n",
      "  2.95194566e-01 2.10734243e-08 0.00000000e+00 5.19437264e-02\n",
      "  3.14039087e-01 2.89411679e-01 7.10125980e-02 3.31090939e-01\n",
      "  1.33715610e-01 1.22668139e-01 1.24783774e-01 1.59031957e-01\n",
      "  2.35048923e-01 1.96482829e-01 4.19331336e-01 2.78359453e-01\n",
      "  4.66801620e-01 4.66801620e-01 3.51651562e-01 4.25896004e-01\n",
      "  4.60638343e-01 3.14732556e-01]\n",
      " [6.36135430e-02 6.36135430e-02 4.91862921e-02 6.22964259e-02\n",
      "  4.93313968e-02 5.78483638e-02 2.54646018e-01 3.29299996e-01\n",
      "  3.07377302e-01 5.19437264e-02 5.19437264e-02 0.00000000e+00\n",
      "  3.19864956e-01 2.93194300e-01 6.41132422e-02 3.33422862e-01\n",
      "  1.16176621e-01 1.09136717e-01 9.91442881e-02 1.37035559e-01\n",
      "  2.23662287e-01 1.78853015e-01 4.13640004e-01 2.67884155e-01\n",
      "  4.62097222e-01 4.62097222e-01 3.45223546e-01 4.20444725e-01\n",
      "  4.55931203e-01 3.06709402e-01]\n",
      " [3.49873635e-01 3.49873635e-01 3.14687892e-01 3.45965630e-01\n",
      "  3.04732126e-01 3.22276086e-01 8.40814688e-02 5.39526083e-02\n",
      "  5.28130431e-02 3.14039087e-01 3.14039087e-01 3.19864956e-01\n",
      "  0.00000000e+00 3.08636566e-02 2.68791251e-01 4.44592650e-02\n",
      "  2.40120435e-01 2.38043877e-01 2.84200278e-01 2.64417005e-01\n",
      "  2.00202012e-01 2.47723492e-01 2.03029893e-01 2.02778986e-01\n",
      "  2.36007676e-01 2.36007676e-01 1.89531109e-01 2.15491041e-01\n",
      "  2.33926100e-01 1.92283489e-01]\n",
      " [3.25137047e-01 3.25137047e-01 2.88800368e-01 3.21438211e-01\n",
      "  2.79888741e-01 2.97930569e-01 6.94039577e-02 7.14210951e-02\n",
      "  6.09266979e-02 2.89411679e-01 2.89411679e-01 2.93194300e-01\n",
      "  3.08636566e-02 0.00000000e+00 2.42115554e-01 5.22778984e-02\n",
      "  2.11119190e-01 2.10067359e-01 2.55992392e-01 2.35902483e-01\n",
      "  1.76019679e-01 2.21108926e-01 2.03844243e-01 1.82112554e-01\n",
      "  2.41671248e-01 2.41671248e-01 1.81025210e-01 2.16539061e-01\n",
      "  2.38923268e-01 1.77649431e-01]\n",
      " [1.06993303e-01 1.06993303e-01 8.45143827e-02 9.98030511e-02\n",
      "  6.89818338e-02 8.00843923e-02 2.07206476e-01 2.81006893e-01\n",
      "  2.59482298e-01 7.10125980e-02 7.10125980e-02 6.41132422e-02\n",
      "  2.68791251e-01 2.42115554e-01 0.00000000e+00 2.79300534e-01\n",
      "  7.10509011e-02 5.84391716e-02 7.43542013e-02 1.04767520e-01\n",
      "  1.75030425e-01 1.39952979e-01 3.61560523e-01 2.20235212e-01\n",
      "  4.10320242e-01 4.10320242e-01 2.94019851e-01 3.68884236e-01\n",
      "  4.04121854e-01 2.56815174e-01]\n",
      " [3.66835551e-01 3.66835551e-01 3.31693004e-01 3.63250560e-01\n",
      "  3.22251798e-01 3.39628589e-01 1.15466407e-01 9.10646588e-02\n",
      "  9.21162069e-02 3.31090939e-01 3.31090939e-01 3.33422862e-01\n",
      "  4.44592650e-02 5.22778984e-02 2.79300534e-01 0.00000000e+00\n",
      "  2.42851694e-01 2.42418741e-01 2.86558775e-01 2.62577055e-01\n",
      "  1.87247230e-01 2.40921510e-01 1.67235501e-01 1.83560282e-01\n",
      "  2.01228258e-01 2.01228258e-01 1.59655636e-01 1.80909858e-01\n",
      "  1.99192629e-01 1.67405414e-01]\n",
      " [1.63525592e-01 1.63525592e-01 1.32385131e-01 1.60903311e-01\n",
      "  1.27959638e-01 1.42813573e-01 1.90582052e-01 2.60758329e-01\n",
      "  2.40249551e-01 1.33715610e-01 1.33715610e-01 1.16176621e-01\n",
      "  2.40120435e-01 2.11119190e-01 7.10509011e-02 2.42851694e-01\n",
      "  0.00000000e+00 2.64855193e-02 5.86609245e-02 5.51769504e-02\n",
      "  1.18753025e-01 8.91235747e-02 3.07889224e-01 1.63487478e-01\n",
      "  3.57773739e-01 3.57773739e-01 2.41102518e-01 3.15815892e-01\n",
      "  3.51786016e-01 2.02660352e-01]\n",
      " [1.53420569e-01 1.53420569e-01 1.25363456e-01 1.50688179e-01\n",
      "  1.16360142e-01 1.31652655e-01 1.86048520e-01 2.56841405e-01\n",
      "  2.36063048e-01 1.22668139e-01 1.22668139e-01 1.09136717e-01\n",
      "  2.38043877e-01 2.10067359e-01 5.84391716e-02 2.42418741e-01\n",
      "  2.64855193e-02 0.00000000e+00 5.47774809e-02 6.41625475e-02\n",
      "  1.22013731e-01 9.31702778e-02 3.11007679e-01 1.68556436e-01\n",
      "  3.60701734e-01 3.60701734e-01 2.43279107e-01 3.18714973e-01\n",
      "  3.54518576e-01 2.05582431e-01]\n",
      " [1.44028342e-01 1.44028342e-01 1.21749510e-01 1.44433110e-01\n",
      "  1.20049536e-01 1.31951980e-01 2.32488043e-01 3.03500939e-01\n",
      "  2.82804365e-01 1.24783774e-01 1.24783774e-01 9.91442881e-02\n",
      "  2.84200278e-01 2.55992392e-01 7.43542013e-02 2.86558775e-01\n",
      "  5.86609245e-02 5.47774809e-02 0.00000000e+00 5.30528254e-02\n",
      "  1.42031327e-01 9.01384224e-02 3.37204627e-01 1.85857179e-01\n",
      "  3.87366481e-01 3.87366481e-01 2.67357592e-01 3.44042432e-01\n",
      "  3.80725402e-01 2.27235970e-01]\n",
      " [1.82684982e-01 1.82684982e-01 1.54455823e-01 1.81467564e-01\n",
      "  1.55059960e-01 1.66917093e-01 2.20544801e-01 2.87517329e-01\n",
      "  2.67871535e-01 1.59031957e-01 1.59031957e-01 1.37035559e-01\n",
      "  2.64417005e-01 2.35902483e-01 1.04767520e-01 2.62577055e-01\n",
      "  5.51769504e-02 6.41625475e-02 5.30528254e-02 0.00000000e+00\n",
      "  1.02620836e-01 5.19018813e-02 2.99084891e-01 1.43454348e-01\n",
      "  3.48608659e-01 3.48608659e-01 2.28336264e-01 3.05013038e-01\n",
      "  3.42092943e-01 1.86926687e-01]\n",
      " [2.65005776e-01 2.65005776e-01 2.34814220e-01 2.63014366e-01\n",
      "  2.29430897e-01 2.43397307e-01 1.83228401e-01 2.31303333e-01\n",
      "  2.16082172e-01 2.35048923e-01 2.35048923e-01 2.23662287e-01\n",
      "  2.00202012e-01 1.76019679e-01 1.75030425e-01 1.87247230e-01\n",
      "  1.18753025e-01 1.22013731e-01 1.42031327e-01 1.02620836e-01\n",
      "  0.00000000e+00 6.68185449e-02 1.99379048e-01 5.43126878e-02\n",
      "  2.49741474e-01 2.49741474e-01 1.28793011e-01 2.05966736e-01\n",
      "  2.43174797e-01 8.93449397e-02]\n",
      " [2.21213755e-01 2.21213755e-01 1.93433148e-01 2.20628185e-01\n",
      "  1.92149653e-01 2.04195888e-01 2.14056403e-01 2.74157215e-01\n",
      "  2.56161912e-01 1.96482829e-01 1.96482829e-01 1.78853015e-01\n",
      "  2.47723492e-01 2.21108926e-01 1.39952979e-01 2.40921510e-01\n",
      "  8.91235747e-02 9.31702778e-02 9.01384224e-02 5.19018813e-02\n",
      "  6.68185449e-02 0.00000000e+00 2.58793061e-01 1.02355759e-01\n",
      "  3.08254766e-01 3.08254766e-01 1.86722428e-01 2.63793712e-01\n",
      "  3.01277401e-01 1.45147285e-01]\n",
      " [4.50767453e-01 4.50767453e-01 4.17856897e-01 4.48994327e-01\n",
      "  4.12107117e-01 4.27600701e-01 2.53454343e-01 2.37802052e-01\n",
      "  2.40394751e-01 4.19331336e-01 4.19331336e-01 4.13640004e-01\n",
      "  2.03029893e-01 2.03844243e-01 3.61560523e-01 1.67235501e-01\n",
      "  3.07889224e-01 3.11007679e-01 3.37204627e-01 2.99084891e-01\n",
      "  1.99379048e-01 2.58793061e-01 0.00000000e+00 1.62143875e-01\n",
      "  5.51725235e-02 5.51725235e-02 7.97879194e-02 2.78022384e-02\n",
      "  5.07930362e-02 1.20239224e-01]\n",
      " [3.07780632e-01 3.07780632e-01 2.75814512e-01 3.05745753e-01\n",
      "  2.72915050e-01 2.86544861e-01 2.00109016e-01 2.36005121e-01\n",
      "  2.23953493e-01 2.78359453e-01 2.78359453e-01 2.67884155e-01\n",
      "  2.02778986e-01 1.82112554e-01 2.20235212e-01 1.83560282e-01\n",
      "  1.63487478e-01 1.68556436e-01 1.85857179e-01 1.43454348e-01\n",
      "  5.43126878e-02 1.02355759e-01 1.62143875e-01 0.00000000e+00\n",
      "  2.09593723e-01 2.09593723e-01 8.95196557e-02 1.65138222e-01\n",
      "  2.02661359e-01 4.85527584e-02]\n",
      " [4.98166068e-01 4.98166068e-01 4.65318755e-01 4.96259733e-01\n",
      "  4.59754388e-01 4.74972508e-01 2.92966369e-01 2.67213331e-01\n",
      "  2.73041852e-01 4.66801620e-01 4.66801620e-01 4.62097222e-01\n",
      "  2.36007676e-01 2.41671248e-01 4.10320242e-01 2.01228258e-01\n",
      "  3.57773739e-01 3.60701734e-01 3.87366481e-01 3.48608659e-01\n",
      "  2.49741474e-01 3.08254766e-01 5.51725235e-02 2.09593723e-01\n",
      "  0.00000000e+00 0.00000000e+00 1.24418241e-01 4.59819939e-02\n",
      "  1.07944539e-02 1.66256831e-01]\n",
      " [4.98166068e-01 4.98166068e-01 4.65318755e-01 4.96259733e-01\n",
      "  4.59754388e-01 4.74972508e-01 2.92966369e-01 2.67213331e-01\n",
      "  2.73041852e-01 4.66801620e-01 4.66801620e-01 4.62097222e-01\n",
      "  2.36007676e-01 2.41671248e-01 4.10320242e-01 2.01228258e-01\n",
      "  3.57773739e-01 3.60701734e-01 3.87366481e-01 3.48608659e-01\n",
      "  2.49741474e-01 3.08254766e-01 5.51725235e-02 2.09593723e-01\n",
      "  0.00000000e+00 0.00000000e+00 1.24418241e-01 4.59819939e-02\n",
      "  1.07944539e-02 1.66256831e-01]\n",
      " [3.82586229e-01 3.82586229e-01 3.51406424e-01 3.80629092e-01\n",
      "  3.45466310e-01 3.59804541e-01 2.18269445e-01 2.25055096e-01\n",
      "  2.20751089e-01 3.51651562e-01 3.51651562e-01 3.45223546e-01\n",
      "  1.89531109e-01 1.81025210e-01 2.94019851e-01 1.59655636e-01\n",
      "  2.41102518e-01 2.43279107e-01 2.67357592e-01 2.28336264e-01\n",
      "  1.28793011e-01 1.86722428e-01 7.97879194e-02 8.95196557e-02\n",
      "  1.24418241e-01 1.24418241e-01 0.00000000e+00 7.93535200e-02\n",
      "  1.16961891e-01 4.30044569e-02]\n",
      " [4.57076320e-01 4.57076320e-01 4.24695761e-01 4.55217228e-01\n",
      "  4.19169701e-01 4.34058557e-01 2.64326811e-01 2.49056161e-01\n",
      "  2.51562413e-01 4.25896004e-01 4.25896004e-01 4.20444725e-01\n",
      "  2.15491041e-01 2.16539061e-01 3.68884236e-01 1.80909858e-01\n",
      "  3.15815892e-01 3.18714973e-01 3.44042432e-01 3.05013038e-01\n",
      "  2.05966736e-01 2.63793712e-01 2.78022384e-02 1.65138222e-01\n",
      "  4.59819939e-02 4.59819939e-02 7.93535200e-02 0.00000000e+00\n",
      "  3.81194022e-02 1.21057233e-01]\n",
      " [4.91967638e-01 4.91967638e-01 4.59366260e-01 4.90021600e-01\n",
      "  4.53718695e-01 4.68767920e-01 2.89364368e-01 2.65385368e-01\n",
      "  2.70659655e-01 4.60638343e-01 4.60638343e-01 4.55931203e-01\n",
      "  2.33926100e-01 2.38923268e-01 4.04121854e-01 1.99192629e-01\n",
      "  3.51786016e-01 3.54518576e-01 3.80725402e-01 3.42092943e-01\n",
      "  2.43174797e-01 3.01277401e-01 5.07930362e-02 2.02661359e-01\n",
      "  1.07944539e-02 1.07944539e-02 1.16961891e-01 3.81194022e-02\n",
      "  0.00000000e+00 1.58861659e-01]\n",
      " [3.45105456e-01 3.45105456e-01 3.14146529e-01 3.43175542e-01\n",
      "  3.09005832e-01 3.22890094e-01 2.05912425e-01 2.27216775e-01\n",
      "  2.18908213e-01 3.14732556e-01 3.14732556e-01 3.06709402e-01\n",
      "  1.92283489e-01 1.77649431e-01 2.56815174e-01 1.67405414e-01\n",
      "  2.02660352e-01 2.05582431e-01 2.27235970e-01 1.86926687e-01\n",
      "  8.93449397e-02 1.45147285e-01 1.20239224e-01 4.85527584e-02\n",
      "  1.66256831e-01 1.66256831e-01 4.30044569e-02 1.21057233e-01\n",
      "  1.58861659e-01 0.00000000e+00]]\n"
     ]
    },
    {
     "data": {
